-67.6197611074773,44.5197543579197 -67.6154097034179,44.5219733508836 -67.5877381102223,44.516195765653 -67.58211256918939,44.5134590172355 -67.5892585345215,44.5008395491755 -67.5906269028376,44.4941497164367 -67.5802880682801,44.4880680487033 -67.56265123597831,44.472103667220296 -67.56918902451929,44.4555311222049 -67.57177372873919,44.45340253879289 -67.5742064005468,44.451730079871595 -67.58834628112051,44.449753537710905 -67.5927554862496,44.4585719560716 -67.6049188246627,44.5020558850793 -67.6071994522725,44.503576303485794 -67.6149535767174,44.503576303485794 -67.6192107435413,44.506008969400604 -67.6197611074773,44.5197543579197
-68.27471913952029,44.25867543166979 -68.2621277005224,44.2607739939915 -68.2541531392995,44.2578359986077 -68.24659829867448,44.2578359986077 -68.2411420285046,44.2603542815272 -68.2363802488073,44.266254039556095 -68.214641,44.263155999999995 -68.21132899999999,44.257073999999996 -68.212474,44.255404999999996 -68.221383,44.257253999999996 -68.23146899999999,44.256015999999995 -68.23713,44.253429999999994 -68.24031,44.251622 -68.241545,44.247543 -68.24080599999999,44.239723 -68.248913,44.235443 -68.266669,44.234033 -68.274427,44.237099 -68.27685699999999,44.240794 -68.27471913952029,44.25867543166979
-68.37659099999999,44.113762 -68.375382,44.11646 -68.36551399999999,44.124078999999995 -68.35838799999999,44.125082 -68.35301,44.127883999999995 -68.346724,44.127749 -68.330716,44.110597999999996 -68.331032,44.10758 -68.33801199999989,44.101473 -68.36517599999999,44.101464 -68.376593,44.112207 -68.37659099999999,44.113762
-68.371235,44.193003 -68.364469,44.197534 -68.355279,44.199096 -68.333227,44.207308 -68.3242299999999,44.205732 -68.31606,44.200244 -68.31478899999999,44.197157 -68.318476,44.196608 -68.321178,44.199031999999995 -68.332639,44.192130999999996 -68.339029,44.171839 -68.347416,44.169458999999996 -68.3788719999999,44.184222 -68.371235,44.193003
-68.48722699999999,44.209517 -68.482726,44.227058 -68.480565,44.228591 -68.470323,44.22832 -68.468572,44.223999 -68.472831,44.219767 -68.460205,44.212498 -68.45384299999989,44.201682999999996 -68.454224,44.199534 -68.459182,44.197680999999996 -68.48451999999989,44.202886 -68.48722699999999,44.209517
-68.500817,44.160025999999995 -68.4955109999999,44.162428999999996 -68.47436499999999,44.181875 -68.453236,44.189997999999996 -68.437789,44.188216 -68.42444099999989,44.190753 -68.416434,44.187047 -68.40820699999989,44.176297999999996 -68.384903,44.154955 -68.39663399999989,44.14069 -68.427534,44.119265999999996 -68.438518,44.11618 -68.448646,44.125581 -68.44750499999999,44.133493 -68.4568129999999,44.145268 -68.4799339999999,44.147800000000004 -68.484696,44.146494999999994 -68.496639,44.146854999999995 -68.502096,44.152387999999995 -68.500817,44.160025999999995
-68.518703,44.113222 -68.51126599999999,44.125082 -68.506979,44.127237 -68.499465,44.12419 -68.492892,44.116921 -68.49152099999999,44.109832999999995 -68.50294199999999,44.099722 -68.51706,44.10341 -68.518703,44.113222
-68.528635,44.344605 -68.52067129429979,44.358357471355696 -68.52193043982629,44.3675911699715 -68.51857272384458,44.3810220094977 -68.51269673307701,44.3847994298102 -68.5076601753714,44.385219150408005 -68.5013644721394,44.3822811468907 -68.4986372126108,44.3696856022426 -68.478785,44.319562999999995 -68.48964099999999,44.313705 -68.51517299999999,44.324797 -68.5303939999999,44.333583 -68.528635,44.344605
-68.661594,44.075837 -68.627893,44.088128 -68.62535,44.092906 -68.6181,44.096706 -68.60972199999999,44.094674 -68.602863,44.08665 -68.589563,44.075585 -68.585916,44.075334999999995 -68.584074,44.070578 -68.588098,44.06127 -68.590792,44.058662 -68.60109899999999,44.058361999999995 -68.611473,44.025175999999995 -68.610703,44.013422 -68.61589599999999,44.009761 -68.6182119999999,44.012367 -68.63531499999999,44.018885999999995 -68.64735999999999,44.014500000000005 -68.65186299999999,44.009859 -68.652881,44.003845 -68.657031,44.003823 -68.659972,44.016013 -68.659874,44.022757999999996 -68.657369,44.024404 -68.650767,44.039908 -68.654783,44.059599 -68.661594,44.075837
-68.7229564270866,44.223568448901 -68.71863456527839,44.228610611704894 -68.71179161857839,44.228970772671694 -68.7006268100702,44.2340129494343 -68.6941440313164,44.2487792978173 -68.6804581309371,44.2621050302503 -68.6775768920581,44.2689479909089 -68.6775768920581,44.275430776642104 -68.6807732446664,44.279242418314006 -68.6754159611539,44.2797526384504 -68.6682128604665,44.2765112455838 -68.65884883585429,44.2685878299421 -68.6235536334128,44.2556222445172 -68.6116685169296,44.2448175969757 -68.60590605313008,44.2307715495884 -68.61274898587139,44.2077216245969 -68.6249942493627,44.1976372850304 -68.6257145712963,44.1947560461513 -68.6195919325713,44.189353715401296 -68.6185114775882,44.1864724835015 -68.6188716106377,44.181070152751396 -68.64300200457079,44.1576600737725 -68.6523660361625,44.1536983694413 -68.67001363738319,44.1515374420268 -68.6714542533331,44.1385718583467 -68.6750558001871,44.13713123716229 -68.6818987538664,44.1382117026144 -68.68658076966209,44.14721558021849 -68.6923432474204,44.1536983694413 -68.70098697103701,44.1583803887268 -68.70963069465358,44.15874054271419 -68.7132322415077,44.1605413161413 -68.7164736343743,44.162702247045395 -68.720435342195,44.169185036268196 -68.7189947262452,44.1832310836556 -68.71503301842439,44.1911544923179 -68.7143127034701,44.2037599237554 -68.72115565017,44.212403640392694 -68.7229564270866,44.2196067410801 -68.7229564270866,44.223568448901
-68.83942153263371,44.23654728469369 -68.83352420566649,44.2408719951996 -68.8276268710805,44.2428377733949 -68.8256309793621,44.2425555256826 -68.79213931617409,44.23781932421179 -68.7698330485175,44.2227868525641 -68.7690467402869,44.213351130940396 -68.78005508599048,44.2031290896579 -68.7898839769671,44.203915397888494 -68.8012854691673,44.208633258700296 -68.80914858194859,44.212564815091 -68.8154390706498,44.214137439171004 -68.82290901407809,44.2164963638628 -68.8295926492759,44.216889517978096 -68.8378489085537,44.2271115554512 -68.83942153263371,44.23654728469369
-68.908222,43.849852 -68.902618,43.868854999999996 -68.889367,43.87553 -68.880242,43.863398 -68.8825537071615,43.8485247795538 -68.876224,43.836597 -68.886725,43.822195 -68.898319,43.820986999999995 -68.899108,43.821925 -68.89353722581909,43.8314979337708 -68.89470000504281,43.8439699160095 -68.8980447832341,43.84954454452569 -68.90395699999999,43.848684 -68.908222,43.849852
-68.944597,44.11284 -68.9353269999999,44.130379999999995 -68.91728599999999,44.148239 -68.88859699999999,44.159549999999996 -68.87867999999989,44.166612 -68.84724899999999,44.183017 -68.82506699999999,44.186338 -68.81915599999999,44.180462 -68.822206,44.178815 -68.82284,44.173693 -68.818423,44.160978 -68.792221,44.145998 -68.786886,44.143961 -68.782375,44.145309999999995 -68.780693,44.143274 -68.792065,44.136759 -68.802162,44.137857 -68.818039,44.136852 -68.819659,44.135434 -68.820515,44.130198 -68.81953,44.122056 -68.8155619999999,44.115835999999994 -68.806832,44.116338999999996 -68.790525,44.09292 -68.781772,44.084274 -68.772639,44.078438999999996 -68.77029,44.069565999999995 -68.77965,44.057753999999996 -68.785601,44.053503 -68.790595,44.053832 -68.807315,44.035796 -68.81844099999999,44.032046 -68.828465,44.032118 -68.862845,44.025037 -68.8741389999999,44.025358999999995 -68.88971699999989,44.032516 -68.899997,44.066959999999995 -68.905098,44.077344 -68.913406,44.08519 -68.90781199999999,44.105518 -68.908984,44.110001 -68.943105,44.10973 -68.944597,44.11284
-68.967074,44.251968 -68.96526399999999,44.259332 -68.95368599999989,44.272346 -68.942826,44.281073 -68.91930099999999,44.309872 -68.9193249999999,44.335392 -68.91163399999999,44.365027 -68.90353,44.378613 -68.87894,44.386584 -68.868444,44.38144 -68.8606489999999,44.364425 -68.864338,44.355002 -68.87169,44.344662 -68.883065,44.338193 -68.888706,44.338195999999996 -68.89285,44.334652999999996 -68.8965869999999,44.321985999999995 -68.88745999999999,44.303094 -68.899445,44.283775 -68.90425499999989,44.279889 -68.9168719999999,44.242866 -68.92648,44.233035 -68.945976,44.220824 -68.95188999999999,44.218719 -68.94708999999989,44.226791999999996 -68.955332,44.243873 -68.959468,44.247439 -68.965896,44.249753999999996 -68.967074,44.251968
-69.0929943845962,43.9790632750346 -69.0619664852728,44.01502274979789 -69.0475826953674,44.0139953430595 -69.0439812172673,44.0056842253008 -69.0781996264207,43.9741316896398 -69.0929943845962,43.9790632750346
-69.32356899999999,43.758994 -69.321141,43.765763 -69.313631,43.772762 -69.307908,43.773767 -69.30675099999999,43.775095 -69.3029949999999,43.774591 -69.3003759999999,43.772144 -69.30081799999999,43.768598999999995 -69.314325,43.756707 -69.322559,43.755883 -69.32356899999999,43.758994
-69.44189399999999,43.916331 -69.433762,43.949352999999995 -69.429806,43.948437999999996 -69.421072,43.938261 -69.42792,43.928798 -69.423323,43.922871 -69.422153,43.917702 -69.423324,43.915507 -69.43806599999999,43.909538999999995 -69.440913,43.909766999999995 -69.44189399999999,43.916331
-70.118174,43.686375 -70.115961,43.689201999999995 -70.10068299999989,43.705962 -70.095727,43.709278 -70.093113,43.710524 -70.092137,43.709468 -70.097184,43.700928999999995 -70.091929,43.698111 -70.0876209999999,43.699912999999995 -70.093704,43.6918 -70.099594,43.695366 -70.11590799999999,43.682978 -70.118291,43.683343 -70.118174,43.686375
-70.1387109918638,43.72755897414179 -70.12705111042101,43.7427168177579 -70.1196706342434,43.7486211758162 -70.11305928432289,43.7491297502919 -70.0973184488941,43.757291658263796 -70.09498648164379,43.7532106929802 -70.1002334192549,43.742133814647595 -70.1078123241165,43.734554909786006 -70.109561310852,43.7304739445025 -70.10897833033701,43.722312036530596 -70.12413614006029,43.708320199135 -70.1293831002667,43.708320199135 -70.1381280113488,43.7182310938423 -70.1387109918638,43.72755897414179
-70.171339,43.687546 -70.163884,43.692403999999996 -70.156787,43.694706 -70.146115,43.701634999999996 -70.13556299999999,43.700658 -70.15450299999999,43.680932999999996 -70.168227,43.675135999999995 -70.170284,43.675441 -70.173571,43.683734 -70.171339,43.687546
-70.211062,43.641842 -70.200116,43.662977999999995 -70.188047,43.673761999999996 -70.1846589999999,43.674699 -70.1712445546843,43.6634982883662 -70.17113599999999,43.6633 -70.19032299999999,43.642986 -70.205934,43.633632999999996 -70.207165,43.63369 -70.211062,43.641842
-70.213948,43.666160999999995 -70.209627,43.676308 -70.201893,43.685483 -70.196535,43.688784 -70.191041,43.689071 -70.186213,43.682655 -70.1875359999999,43.678669 -70.192574,43.673139 -70.207341,43.662562 -70.210825,43.661694999999995 -70.21312999999999,43.662973 -70.213948,43.666160999999995
-71.084334,45.305293 -71.030565,45.3126520000001 -71.0142679999999,45.3167610000001 -71.00905,45.319022000000096 -71.00240099999999,45.327956 -71.00508699999989,45.3315450000002 -70.99023299999989,45.336276999999995 -70.9508239999999,45.33453 -70.917904,45.3119239999999 -70.912176,45.296768 -70.913732,45.2927460000001 -70.907978,45.269316000000096 -70.8968979999999,45.2420310000001 -70.88502899999989,45.2348730000001 -70.8570419999999,45.22916 -70.842845,45.234422000000094 -70.839482,45.237829 -70.8316116728153,45.2600545918043 -70.80832199999999,45.325824 -70.807664,45.378118 -70.82405299999989,45.391093999999995 -70.82561199999999,45.400305000000095 -70.79848299999989,45.4247400000002 -70.781471,45.4311590000002 -70.75397699999999,45.427789 -70.74407699999989,45.421091 -70.743775,45.411925000000195 -70.72997199999989,45.399359000000096 -70.71228599999989,45.390611 -70.6600289999999,45.3779010000002 -70.651986,45.377145999999996 -70.6346609999999,45.383607999999995 -70.626527,45.407011 -70.635498,45.427817 -70.6501609999999,45.443684999999995 -70.6637010000001,45.447049 -70.67590999999989,45.4525820000001 -70.716332,45.4869090000001 -70.723167,45.507606000000095 -70.7216109999999,45.515058000000096 -70.70077599999989,45.532776999999996 -70.68653099999989,45.549989999999895 -70.688214,45.5639810000001 -70.6592859999999,45.5868800000001 -70.56478899999989,45.6551500000002 -70.551037946589,45.6618848580071 -70.46986899999989,45.70163899999989 -70.45150299999989,45.7044320000001 -70.39721,45.7568720000001 -70.40775,45.7736540000001 -70.41767399999999,45.7945700000001 -70.396362,45.802703 -70.39815899999999,45.80412 -70.39720799999999,45.807572 -70.38791599999999,45.819043 -70.36702,45.8349930000001 -70.34244,45.852192000000095 -70.30779799999989,45.858940000000096 -70.28420399999989,45.8720340000001 -70.2626549999999,45.8878530000001 -70.2537039999999,45.902981000000096 -70.24017699999989,45.943729 -70.252242,45.954777 -70.26540999999989,45.962692000000196 -70.3120549999999,45.971543999999994 -70.31336399999999,46.0163830000001 -70.3106089999999,46.064544 -70.2897799999999,46.0943250000001 -70.284554,46.0987129999999 -70.2524110000001,46.1062210000001 -70.23794699999999,46.147377999999996 -70.27803399999989,46.175001000000094 -70.29089599999989,46.185838 -70.29273599999989,46.191599000000096 -70.207415,46.331316 -70.188046,46.3500150000002 -70.1747089999999,46.358472 -70.13336699999999,46.368905999999996 -70.056433,46.4165900000001 -70.0230159227951,46.573486463046095 -69.997086,46.695230000000095 -69.8185519999999,46.875029999999995 -69.56638299999989,47.1250320000001 -69.22442,47.459686 -69.1464389999999,47.448860000000096 -69.0554649999999,47.4322740000002 -69.04270199999999,47.42665099999989 -69.032909,47.407906999999994 -69.031127,47.4031060000002 -69.04079,47.3980800000001 -69.0417329999999,47.3973260000001 -69.03927999999999,47.385052000000094 -69.043958,47.3836820000001 -69.0464479999999,47.383934000000096 -69.05381899999999,47.375035999999994 -69.05033399999999,47.256620999999996 -69.0402,47.245099999999894 -69.033456,47.2409840000001 -68.9820019999999,47.2202950000001 -68.9419479999999,47.206247999999995 -68.92642099999999,47.19786 -68.90098499999989,47.178518999999994 -68.85343,47.193443000000094 -68.723168,47.239569000000095 -68.58039799999989,47.286957 -68.4748509999999,47.2975340000002 -68.3615590000001,47.3556050000001 -68.33368,47.36007 -68.28410099999999,47.3603890000001 -68.2401679999999,47.354217 -68.22400499999989,47.3484560000001 -68.153509,47.314038 -67.9556689999999,47.1995420000001 -67.952269,47.196142000000094 -67.94936899999989,47.182542 -67.9358679999999,47.164843 -67.889155,47.1187720000001 -67.8468649999999,47.092403999999995 -67.816345,47.0811880000001 -67.7905149999999,47.067921 -67.78946099999989,47.062544000000095 -67.7893800000001,46.765528000000096 -67.789284,46.758219 -67.78211399999999,46.2793810000001 -67.7810950000001,45.943032000000095 -67.7687089999999,45.901996999999994 -67.763955,45.8299830000001 -67.7637669999999,45.8203150000001 -67.78044299999989,45.816205999999895 -67.80198899999989,45.803546000000196 -67.806598,45.794723 -67.817892,45.693705 -67.8054831422691,45.6802407212124 -67.80331299999989,45.677886 -67.754245,45.6677910000001 -67.64581,45.613597 -67.5613589999999,45.594905999999995 -67.51858,45.587925 -67.499444,45.587013999999996 -67.4909229999999,45.591488 -67.4884519999999,45.5946430000001 -67.49106099999989,45.598917 -67.48979299999999,45.6011800000001 -67.476704,45.604157 -67.4554059999999,45.6046650000001 -67.449674,45.6028600000001 -67.4254519999999,45.579086 -67.42364599999999,45.572153 -67.4208749999999,45.55056 -67.425674,45.502917000000096 -67.4487289999999,45.510576 -67.463481,45.5085160000001 -67.5037709999999,45.488522000000096 -67.4733659999999,45.4253280000001 -67.4602809999999,45.419594 -67.43000099999989,45.392965000000096 -67.422153,45.3796610000001 -67.4291609999999,45.344247000000095 -67.4601009999999,45.3011790000002 -67.465833,45.297222999999995 -67.4856829999999,45.291433 -67.489333,45.281282 -67.46356999999989,45.244097000000096 -67.40520799999989,45.165686 -67.354306,45.1298860000001 -67.345004,45.1262100000001 -67.3398689999999,45.1255940000001 -67.3054719999999,45.144825999999895 -67.302568,45.161348 -67.29060299999989,45.187588999999996 -67.28361899999989,45.1920220000002 -67.2710759999999,45.191081000000096 -67.16124699999989,45.162879000000096 -67.128935,45.13216799999989 -67.1124139999999,45.112322999999996 -67.090786,45.068721 -67.105899,45.065785999999996 -67.117688,45.056729999999995 -67.099749,45.04501 -67.08207399999989,45.029607999999996 -67.0749139999999,45.019254 -67.07275299999999,45.008328999999996 -67.068274,45.001014 -67.05461,44.986764 -67.038299,44.945433 -67.033474,44.939923 -67.002118,44.918836 -66.990937,44.917835 -66.9844659999999,44.912557 -66.983558,44.903276999999996 -66.9859009999999,44.897149999999996 -66.9892349999999,44.89648 -66.990351,44.882551 -66.981008,44.862812999999996 -66.97814199999999,44.856963 -66.99296,44.849181 -66.9965229999999,44.844654 -66.9863179999999,44.820657 -66.975009,44.8154950000001 -66.96646799999999,44.8190630000001 -66.9521120000001,44.8200700000001 -66.949895,44.8174190000001 -66.95056899999989,44.814538999999996 -66.9610679999999,44.807269 -66.97002599999989,44.805713 -66.97626,44.8083150000001 -66.979708,44.807360000000095 -66.9893510000001,44.79878 -66.995154,44.791073 -67.0199499999999,44.771426999999996 -67.02615,44.768198999999896 -67.04335,44.7650710000001 -67.0551600900718,44.7714418380862 -67.06223943643859,44.769542500848104 -67.06330799999999,44.758238 -67.0734389999999,44.7419570000001 -67.08347699999989,44.739899 -67.09254248064019,44.742692798296495 -67.09893115549829,44.74131146197119 -67.103957,44.7174440000001 -67.12879199999989,44.695421000000096 -67.1392089999999,44.6938490000001 -67.148061,44.684114 -67.1551189999999,44.669439999999994 -67.154479,44.668114000000095 -67.1698569999999,44.662105000000096 -67.18178479929139,44.663699070737 -67.186611512965,44.662649785509394 -67.19206778313489,44.655514657348796 -67.1914382185053,44.6477499482913 -67.1894269999999,44.6455330000001 -67.213025,44.639219999999995 -67.234275,44.6372010000001 -67.2472601389314,44.641664105358096 -67.25124741954289,44.6408246763628 -67.2741218159503,44.62634455567579 -67.2770598113342,44.6179502779218 -67.27307599999989,44.610873 -67.27915999999989,44.606782000000095 -67.293403,44.599265000000095 -67.3024269999999,44.597322999999996 -67.314938,44.598214999999996 -67.3229699999999,44.609394000000094 -67.322491,44.612458000000096 -67.3107449999999,44.6132120000001 -67.29366499999999,44.6343160000001 -67.2924619999999,44.6484550000001 -67.29844899999999,44.654377 -67.30962699999989,44.659316 -67.3079087471058,44.691295264902195 -67.3001440461819,44.696751535072096 -67.29917605853821,44.7057049079909 -67.30853831986902,44.7074542395132 -67.3477815532199,44.699479678290494 -67.3559659666083,44.6990599576926 -67.3767417945939,44.68185170598739 -67.3811487876697,44.6694701516888 -67.37905022128129,44.6654828710775 -67.3740136554424,44.6629645881579 -67.36729823974589,44.6524717440157 -67.3631579999999,44.6318250000001 -67.3682690000001,44.624672000000096 -67.377554,44.619757 -67.386605065973,44.626974134793294 -67.38870362829469,44.6265544223289 -67.395838764589,44.6129137306373 -67.39898661213819,44.6026307467939 -67.4054921756691,44.5942364731067 -67.41181499999989,44.596954 -67.4189230111286,44.6034701717227 -67.4206018691194,44.607877168865194 -67.4283665700432,44.6091363062582 -67.4436861217591,44.60577859841 -67.4474635441049,44.603260315490395 -67.44851282933239,44.60032231604001 -67.45774653201501,44.59801389341919 -67.49237290182451,44.6179502924096 -67.49363203921739,44.6288628571498 -67.5058037332172,44.6368374183727 -67.5228021408905,44.633059998060006 -67.5240612782833,44.6265544345291 -67.5307767021132,44.6219375811544 -67.5339245577959,44.6215178686902 -67.540220261028,44.626344574230394 -67.5433681167108,44.6265544345291 -67.5511328176346,44.6219375811544 -67.5523919631611,44.6196291504006 -67.5750564972363,44.5606593783582 -67.569836,44.556788 -67.5623209999999,44.5394350000001 -67.5681589999999,44.531116999999995 -67.6485063655652,44.525403440869006 -67.6531232108065,44.525823145199794 -67.6569006392523,44.5358962768777 -67.66067805956489,44.5375751267351 -67.6858608806264,44.5371554224042 -67.6963537247687,44.5337977064225 -67.7026494361343,44.527921715655005 -67.6988720076882,44.515750013521696 -67.7034888610629,44.504837465048595 -67.71418984374539,44.495237805827195 -67.7228759999999,44.498524000000096 -67.73398599999989,44.4962520000001 -67.7433529999999,44.497418000000096 -67.74278899999989,44.506176000000195 -67.74007599999989,44.508944 -67.7429419425124,44.526452734230006 -67.7538544828521,44.5436609859351 -67.75889106495819,44.546598981319 -67.7672853305119,44.5482778311763 -67.7740007462082,44.5474384062477 -67.77945702451139,44.5436609859351 -67.7819753074309,44.534007574854996 -67.7815555949667,44.5205767434622 -67.7972599999999,44.520685 -67.80254127511779,44.5239344431769 -67.80547927050169,44.5298104339446 -67.80547927050169,44.5369455702389 -67.8088369783499,44.544080706533 -67.8298226747679,44.5575115379256 -67.8398957983125,44.558770683452096 -67.84451264762039,44.5562523923991 -67.8457717890802,44.5516355471581 -67.8432535061606,44.5428215610065 -67.85668434162,44.5239344431769 -67.8537463462362,44.497492492856104 -67.85122806738339,44.492455927017005 -67.8516477798478,44.4849010782585 -67.85557899999989,44.4786760000001 -67.86099399999989,44.4775760000001 -67.8668009999999,44.4718120000001 -67.86877399999989,44.465272 -67.868875,44.456881000000095 -67.85176399999989,44.428695 -67.8516969999999,44.4242820000001 -67.8551079999999,44.419434000000095 -67.8688560356197,44.4246721688232 -67.8785094466999,44.4355847254299 -67.88732343285139,44.433066442510196 -67.88732343285139,44.4263510186804 -67.892033,44.409668000000096 -67.899571,44.394078 -67.9116668289843,44.4192158905199 -67.9133456788416,44.4301284471265 -67.92132024006449,44.433066442510196 -67.9263568059034,44.4318072969839 -67.9305539386803,44.428869301599796 -67.9276159432964,44.4213144609749 -67.93145299999989,44.411848 -67.9365310000001,44.411187 -67.94734249418799,44.4158581826716 -67.95573676787521,44.4162778951359 -67.95708927719029,44.4154084253968 -67.9616127586429,44.4125004748235 -67.9616127586429,44.3990696271639 -67.978876,44.387034 -67.985668,44.386917000000096 -67.9972883892796,44.399909060226 -68.00064610526101,44.4066244921892 -68.0061023754309,44.4095624713062 -68.0107192369391,44.407463917118 -68.01953322309049,44.3969710648421 -68.01398999999999,44.390255000000096 -68.0342232162767,44.36045598284309 -68.03967948644649,44.3608756953075 -68.0442963479547,44.3579376999237 -68.0447160522855,44.3512222842273 -68.0430372024282,44.343667435468795 -68.04933399999989,44.330730000000095 -68.0603559999999,44.331988000000095 -68.06704699999989,44.335692000000094 -68.076066,44.347925000000096 -68.0778734264363,44.3730473893071 -68.0862677082571,44.3764051052888 -68.0900451285696,44.3713685394497 -68.0929831239533,44.3709488269853 -68.103818,44.385111000000094 -68.11228995424729,44.4015879263503 -68.1127096667115,44.42131445284159 -68.1164870870241,44.429289014064295 -68.11984479487231,44.4456578733748 -68.11942508240789,44.4595084253652 -68.115227949631,44.467902690919 -68.1177462325506,44.4750378272131 -68.1232025189873,44.478815247525596 -68.150903604668,44.4823828319397 -68.1592978702216,44.4794448365558 -68.1626555862034,44.4773462661006 -68.1630752905343,44.4731491089234 -68.171049851757,44.4702111135396 -68.1945538310946,44.4718899633969 -68.18951726525559,44.47860541162709 -68.1899369858535,44.4849011067257 -68.1920355563087,44.487419397778694 -68.213860669522,44.4924559636176 -68.22393378493311,44.4869996771807 -68.22729150091459,44.4798645408866 -68.2243535055308,44.4643351227718 -68.2293900632363,44.46349569784309 -68.24449976075329,44.4710505384682 -68.2524743138426,44.483222256868295 -68.26170802059201,44.484061681797 -68.2680037238241,44.471470259066095 -68.2705220148771,44.4597182775306 -68.2810148508859,44.451323995710005 -68.29822311072459,44.4492254415218 -68.2990625397199,44.437893164317394 -68.2948654028763,44.4328565984783 -68.2684234362883,44.440411455370395 -68.24743775613719,44.4332763190761 -68.24449976075329,44.4299186030946 -68.24366032769109,44.4206849044786 -68.2499560309231,44.4177469090949 -68.2499560309231,44.414808913711 -68.21553951937929,44.3904655257116 -68.20966352861159,44.3929838086312 -68.20353999999989,44.392365 -68.19693699999989,44.386351999999995 -68.18453199999999,44.369145000000096 -68.17468699999989,44.343604 -68.17360799999989,44.328397000000095 -68.1919239999999,44.3066750000002 -68.233435,44.2885780000001 -68.2751388438512,44.288894802303396 -68.28940911643949,44.28385825273139 -68.2982231025911,44.276303403972896 -68.2986428069218,44.266649984759304 -68.2976405400773,44.263035396270496 -68.2952654378344,44.261721511757 -68.2908184389738,44.2476730340775 -68.3175879999999,44.225100999999896 -68.33949799999989,44.2228930000001 -68.3431324582772,44.229505338130394 -68.3653639999999,44.2378710000002 -68.369759,44.2433110000001 -68.377982,44.2475630000001 -68.3898479999999,44.247066000000096 -68.401268,44.2522440000001 -68.41964999999999,44.274612 -68.421302,44.284468 -68.42610699999989,44.295102 -68.43094599999989,44.298624000000096 -68.43085255852691,44.3126086785406 -68.4119654406975,44.3222620936876 -68.4090274453135,44.325619801535694 -68.4098668702422,44.3293972218482 -68.42161886804459,44.3361126375447 -68.4214705950715,44.3377542610003 -68.4098668702422,44.356258909034096 -68.4060894499298,44.356678621498396 -68.3965517338505,44.363941123004096 -68.3955164799732,44.3695610431448 -68.398035,44.3761909999999 -68.3675647800505,44.3907096840318 -68.3637195718348,44.388934972106696 -68.36031804303339,44.3896744358865 -68.35809965169409,44.392336503774 -68.3590815237884,44.402847122711 -68.3724452364114,44.423689729632294 -68.3791004046974,44.430049119284696 -68.38767817995719,44.4309364723812 -68.3909318137098,44.427387048531095 -68.3925586305861,44.4180698152234 -68.4164119999999,44.397973 -68.42178299999989,44.3964110000001 -68.427874,44.3968 -68.43390099999989,44.401534 -68.43255600660319,44.4265943359088 -68.42964768644701,44.4391364714256 -68.4392814982853,44.4480432085086 -68.4480064657986,44.44949737210901 -68.4550954966195,44.4474978998002 -68.4600032926072,44.443317185613 -68.4638204641329,44.4365916904084 -68.4588489999999,44.4121410000001 -68.4641059999999,44.3980780000001 -68.46426199999989,44.391081 -68.4610719535608,44.38563885473901 -68.4610719535608,44.378503726578295 -68.4661085193999,44.377244589185196 -68.478280221533,44.3780840141139 -68.4833167873721,44.388157145792 -68.480798496319,44.397390836274305 -68.47282393509619,44.4041062682375 -68.4803787919883,44.4326467808804 -68.48541534969381,44.4343256632715 -68.4946490483095,44.4297087854965 -68.4996856141486,44.414179383648595 -68.5055616049162,44.411661108862596 -68.51452030639079,44.41333995872 -68.5299050091825,44.3990697023984 -68.5345218544237,44.3978105568721 -68.5550878221106,44.4036865476398 -68.5609638128783,44.402847122711 -68.56516094972179,44.3990697023984 -68.5664200911816,44.3944528408904 -68.5647412372575,44.3852191504081 -68.5592849589541,44.3743065938015 -68.5500512562715,44.3717883108819 -68.5454344110304,44.3549997635076 -68.553873,44.346256 -68.563209,44.3330390000002 -68.5669359999999,44.317603 -68.566203,44.313007 -68.5640049999999,44.3080220000001 -68.556236,44.300819 -68.538595,44.299901999999996 -68.5315319999999,44.2903880000001 -68.5322659999999,44.286339999999996 -68.5286109999999,44.2761170000001 -68.519516,44.2650460000001 -68.5198189999999,44.260209000000096 -68.529802,44.249594000000094 -68.52815299999989,44.2412629999999 -68.52347999999989,44.235819 -68.5253019841836,44.2275536972207 -68.53459534027209,44.2293309336385 -68.5508023185637,44.236534034326 -68.55116246557189,44.238334811242694 -68.5626874350469,44.2480589898423 -68.5727717746134,44.2527410126175 -68.60338495427969,44.2747104686673 -68.615630217771,44.275430776642104 -68.62607471830451,44.280472932466694 -68.627515348213,44.284434647267005 -68.6300364191459,44.286235424183594 -68.682979222808,44.299201009608595 -68.7256569999999,44.3215910000001 -68.7330039999999,44.328388000000096 -68.746164,44.331148 -68.76202099999989,44.3295970000001 -68.76619699999999,44.327014999999996 -68.771489,44.320523 -68.795063,44.3078599999999 -68.8271969999999,44.3121600000001 -68.82837699999989,44.316548999999995 -68.825419,44.334547 -68.821311,44.349593999999996 -68.8176469999999,44.3530930000001 -68.81481099999999,44.362193999999995 -68.8187029999999,44.3750770000001 -68.821767,44.4089400000001 -68.8153249999999,44.4280800000001 -68.8016339999999,44.434802999999995 -68.785898,44.462611000000194 -68.78367899999989,44.473879000000096 -68.79620619250001,44.47143719469919 -68.810059,44.468737 -68.82915299999989,44.462241999999996 -68.8589929999999,44.444922999999996 -68.880271,44.4281120000001 -68.88649099999999,44.430676 -68.89082599999989,44.437995 -68.89280000000001,44.443414999999895 -68.892073,44.445075000000095 -68.897104,44.4506430000001 -68.90093399999999,44.452062 -68.92745199999989,44.4480390000001 -68.9319339999999,44.4386900000001 -68.94658199999999,44.4291080000001 -68.982449,44.4261950000001 -68.99076699999999,44.4150330000001 -68.984404,44.3968790000001 -68.9788149999999,44.3863400000001 -68.9672999999999,44.381106000000194 -68.961111,44.375076 -68.94816399999999,44.3558820000001 -68.954465,44.32405 -68.9588889999999,44.314353 -68.9790049999999,44.296327 -69.003682,44.294582 -69.005071,44.274071 -69.017051,44.257086 -69.02859006825919,44.2491392040609 -69.029434,44.248558000000095 -69.04019299999989,44.233673000000095 -69.0435989999999,44.2250290000001 -69.0428069999999,44.21517299999989 -69.05180999999989,44.1959200000001 -69.05454599999989,44.171542000000095 -69.06124,44.1654980000001 -69.077776,44.1650430000001 -69.07983499999989,44.1609530000001 -69.080978,44.156768 -69.079608,44.143961999999995 -69.0756669999999,44.129991000000096 -69.080331,44.1178240000001 -69.100863,44.104529 -69.1011069999999,44.0936010000001 -69.0919999999999,44.085734000000095 -69.0890779999999,44.085326000000094 -69.076452,44.0906340000001 -69.0563029999999,44.095161999999995 -69.05081399999989,44.094888 -69.043403,44.092164000000096 -69.03187799999999,44.079036000000094 -69.048917,44.062506 -69.05056599999989,44.063151999999995 -69.05062201188579,44.068017113317396 -69.05609264476409,44.069489973506194 -69.06429857777219,44.06991078953801 -69.0678755181202,44.0675962972855 -69.079805,44.055256 -69.0737669588756,44.046134622577796 -69.0811312679748,44.0412952178244 -69.0941765975814,44.038980725571896 -69.1131133679432,44.0288811081883 -69.1257378896727,44.019623131023295 -69.1280523819251,44.0173086387707 -69.1244754415771,44.0074194334805 -69.1488828366627,43.9985822723473 -69.1625593984717,43.9990030883793 -69.1703445174866,43.995636551969696 -69.19380508261649,43.975542523249295 -69.1978028389964,43.9675469941797 -69.19380508261649,43.9597618772035 -69.196329982885,43.950503897999894 -69.2036679999999,43.9418060000001 -69.2142049999999,43.935583 -69.23736799999989,43.931596 -69.24271,43.925464999999996 -69.2598383961039,43.9214266177192 -69.26525729370789,43.933393336619396 -69.26751515859421,43.9436666524795 -69.2804979188809,43.957439667664 -69.2839976203929,43.9585686044825 -69.2885133632916,43.957665454152696 -69.30777599999989,43.943450999999996 -69.3142699999999,43.942951 -69.3197508246944,43.9448698925179 -69.3051759785396,43.9566755077918 -69.30430149646959,43.962068201829396 -69.33141068919079,43.9743110637872 -69.35196120989801,43.9747483104711 -69.366702,43.964755 -69.3754779843001,43.96458446886339 -69.388059,43.9643400000001 -69.3984549999999,43.9718040000001 -69.41616499999999,43.977267 -69.4287599999999,43.9579290000001 -69.4316855732866,43.9645459198573 -69.43649526986269,43.9668778927567 -69.44159646234519,43.964254418302296 -69.4510701047198,43.941954919332794 -69.4596369999999,43.903316000000096 -69.4834979999999,43.8802800000001 -69.4862430000001,43.869117999999894 -69.5032899999999,43.837672999999995 -69.514889,43.8312979999999 -69.516212,43.837222000000196 -69.513267,43.844789999999996 -69.5203005914739,43.868497726049796 -69.5246730413662,43.8756393983496 -69.5439118220218,43.881615078551 -69.5494502668369,43.8800118482419 -69.5509077520172,43.877971371249004 -69.55061625046218,43.872578680035794 -69.54502799999989,43.8612410000001 -69.552606,43.841347 -69.5581223025302,43.84065978862029 -69.56832468184629,43.844449241051095 -69.5726971317386,43.8440120000159 -69.57546635555819,43.8419715145498 -69.57852706681109,43.8233157313554 -69.5885509999999,43.81836 -69.60417878988619,43.8135505789526 -69.6059277709728,43.8148623161798 -69.60461603092119,43.825793443734696 -69.5984945999423,43.8255019450041 -69.59237317461219,43.8308946362174 -69.58916670269639,43.8512994061469 -69.59470514186269,43.8588783166572 -69.60461603092119,43.858003828938394 -69.613215185577,43.845032224390394 -69.6130694404483,43.8374533082312 -69.6151099117923,43.8316233731585 -69.62108560329139,43.826813682231304 -69.63026774975971,43.837016067196004 -69.6296847522982,43.84342899973019 -69.6349316899094,43.8459067121094 -69.64979802632169,43.836287324606005 -69.6531502377173,43.817194289079005 -69.6508182648181,43.8037854378471 -69.6533369999999,43.79103 -69.66492199999989,43.7910330000001 -69.685473,43.8163280000001 -69.68557926320939,43.8205464962381 -69.6924294367785,43.824335954317895 -69.6972391333546,43.8250646954957 -69.6978577185602,43.8249179124967 -69.7058382823615,43.823024218502795 -69.714873,43.810264 -69.7178039999999,43.801047 -69.7170739999999,43.7924030000001 -69.719723,43.786685 -69.75280099999989,43.755940000000095 -69.7615870439072,43.7570001955443 -69.7800970876214,43.7553969652353 -69.7824290605207,43.7537937349262 -69.7822833097431,43.751170266120596 -69.7784938573124,43.7470893093103 -69.7783481065347,43.7446115856334 -69.835323,43.7211250000001 -69.83868899999989,43.7051400000001 -69.85129699999989,43.7035810000001 -69.855081,43.7047460000001 -69.8579267247946,43.723915312736295 -69.8555947462467,43.7326602153453 -69.8589469632911,43.7405306245864 -69.8686729999999,43.742701 -69.862155,43.758962000000096 -69.8697323485419,43.7756559773264 -69.88406599999989,43.778034999999996 -69.8873902869984,43.7770524049583 -69.90316399999989,43.77239 -69.9155929999999,43.7751120000001 -69.9270114551224,43.780174175171794 -69.948539,43.765947999999995 -69.95324616153701,43.7688058023451 -69.9580558581131,43.7677855638485 -69.9825739999999,43.750800999999996 -69.9891309999999,43.743227 -69.9944789999999,43.7284510000001 -69.992396,43.726852 -69.9926149999999,43.7247930000001 -70.0016450000001,43.717666 -70.00695445809339,43.7170650989195 -70.0052054939533,43.72755897414179 -70.0011245399672,43.7333889148633 -69.9987925727168,43.7403848392099 -70.0017075204823,43.7444657931957 -70.0413510767163,43.7380528719593 -70.0407680962014,43.7450487850084 -70.034355174965,43.759040633701495 -70.0256102638829,43.7695344976264 -70.0052054939533,43.787607322901 -69.9982095696066,43.798684178638204 -69.9993755532319,43.805097122469796 -70.0028735041075,43.8120930242212 -70.0110354346746,43.8109270631912 -70.02619324439789,43.8225869220387 -70.02619324439789,43.8289998432753 -70.0232782740372,43.8342467808862 -70.00695445809339,43.84415767559359 -70.0028735041075,43.8482386295796 -70.0028735041075,43.8529025866758 -70.0098694284542,43.8593154853169 -70.01919732005109,43.8587325048019 -70.02284521086061,43.8562453120729 -70.0320231851192,43.8499876163151 -70.0535939612695,43.8284168401649 -70.0530109581592,43.821420938413496 -70.06467081700669,43.8132590078464 -70.06641980374219,43.819671951678 -70.0809946329504,43.819671951678 -70.1072293436015,43.80917805386039 -70.14279194584971,43.7916882542916 -70.1538688241822,43.7811943790692 -70.1538688241822,43.774781457832795 -70.1760225695498,43.76078960913959 -70.1777715449875,43.76487056312539 -70.1725246073765,43.7736154742076 -70.1754395777371,43.7771134250832 -70.1900144182431,43.771866487472096 -70.1946783640415,43.7660365580484 -70.1975933344023,43.7532106929801 -70.19409536093129,43.7456317768211 -70.1946783640415,43.742133814647694 -70.217998104332,43.7199800692802 -70.2191640879571,43.7158991152943 -70.2156661370815,43.707737207322396 -70.21683210940901,43.7048222482593 -70.2279089877417,43.7019072778987 -70.23198995302519,43.7048222482593 -70.25181171984471,43.6832514834069 -70.2541436983927,43.676838550872795 -70.2529610352397,43.6750100368046 -70.2473211363642,43.671973168826 -70.2422886127659,43.6695436744431 -70.23951204535479,43.6659862002852 -70.2401194189505,43.6646846856775 -70.2419415431005,43.6632964019719 -70.24098709647669,43.659131554218 -70.2229895342863,43.639022696275894 -70.211204,43.625765 -70.21708699999989,43.5967170000001 -70.21436899999999,43.590444999999995 -70.20111999999989,43.5865150000001 -70.1969109999999,43.5651460000001 -70.20612299999989,43.557627 -70.216782,43.5568740000001 -70.21978399999999,43.5621490000001 -70.2319629999999,43.561118 -70.244331,43.5518490000001 -70.2619169999999,43.553687 -70.27249660381611,43.5626157905153 -70.2991839999999,43.550588999999995 -70.30776399999989,43.5443150000001 -70.3417930000001,43.540484 -70.35282615018379,43.5358549572962 -70.3533919932721,43.535405340278395 -70.36121399999989,43.5291900000001 -70.3791229999999,43.50720199999989 -70.3848849999999,43.4960400000001 -70.3856149999999,43.487031000000094 -70.38292799999999,43.4696740000001 -70.38023299999989,43.46423 -70.37222999999989,43.455079999999995 -70.349684,43.4420320000001 -70.362015,43.439077 -70.370514,43.434132999999996 -70.38494899999989,43.4188390000001 -70.38398099999989,43.4129400000002 -70.39089,43.402607000000195 -70.4000353092043,43.3999271215743 -70.40166647904279,43.4012617141968 -70.406416,43.400942 -70.42128199999999,43.395776999999896 -70.4276723776486,43.389253610566094 -70.4244210000001,43.3796560000001 -70.42498599999999,43.375927999999995 -70.44243751269,43.3564872523623 -70.4607174461534,43.3432497698449 -70.465975,43.340246 -70.472933,43.3439720000001 -70.4853119999999,43.346391 -70.51769499999989,43.3440370000001 -70.53524399999999,43.3367710000001 -70.5367023241992,43.3356045757279 -70.553854,43.321886 -70.56277899999989,43.310613999999894 -70.585184,43.270112999999995 -70.59390699999989,43.249295 -70.5910215109857,43.2378510295905 -70.5839640412673,43.2304426352761 -70.57578699999989,43.221859000000194 -70.5766919999999,43.217651000000195 -70.5878139999999,43.199858 -70.6189729999999,43.163624999999996 -70.63445499999989,43.1276030000001 -70.634311,43.122162000000095 -70.63835499999989,43.114182 -70.6553219999999,43.0980080000001 -70.656223,43.0931640000001 -70.66595799999989,43.0762340000001 -70.6731140000001,43.070313999999996 -70.7039355803705,43.05962072415429 -70.7563969999999,43.079988 -70.81954928571301,43.1232309734312 -70.8281,43.129086 -70.8338,43.146885999999995 -70.82917429285129,43.180364544973195 -70.8283009999999,43.186685 -70.816232,43.234997 -70.817773,43.237407999999995 -70.817865,43.237911 -70.822959,43.240187 -70.823309,43.240342999999996 -70.825071,43.24093 -70.826711,43.241301 -70.82802199999999,43.241597 -70.83364999999999,43.242868 -70.839717,43.250392999999995 -70.839213,43.251224 -70.863231,43.265097999999995 -70.86323,43.265108999999995 -70.90980499999989,43.306681999999995 -70.91246,43.308288999999995 -70.91675086788901,43.317730893092296 -70.93078299999999,43.329569 -70.952356,43.333982999999996 -70.967229,43.343776999999996 -70.984335,43.376128 -70.98430499999999,43.376813999999996 -70.98773299999999,43.391512999999996 -70.986812,43.414263999999996 -70.964433,43.473276 -70.964542,43.473262 -70.96374214267139,43.476248286582695 -70.95475499999989,43.509802 -70.96255599999999,43.53431 -70.95895808693649,43.537634294242096 -70.955337,43.54098 -70.95534599999999,43.540697 -70.953322,43.552718 -70.97271599999999,43.570254999999996 -70.981946,43.700959999999995 -70.981978,43.701965 -70.982238,43.711864999999996 -70.982083,43.715043 -70.9890409760162,43.7921516010489 -70.98906699999999,43.79244 -70.99298599999989,43.914232 -71.001367,44.092931 -71.001335,44.093205 -71.008764,44.258443 -71.008736,44.258824999999995 -71.0102394134267,44.2847741602021 -71.01349011822009,44.3408818535062 -71.0192570661535,44.4404203125525 -71.03751799999999,44.755607 -71.060101,45.019661 -71.07563999999999,45.224092999999996 -71.084334,45.305293
