-65.231933,18.320339 -65.22848499999999,18.323013 -65.22156799999999,18.320959 -65.2211099999999,18.311984 -65.222853,18.310464 -65.2300249999999,18.311274 -65.231933,18.320339
-65.26616899999999,18.341751 -65.2559329999999,18.342117 -65.245756,18.334706999999998 -65.2472099999999,18.333344999999998 -65.25961199999999,18.334146999999998 -65.265558,18.339392 -65.26616899999999,18.341751
-65.30169,18.300126 -65.299701,18.302181 -65.296515,18.302298999999998 -65.288941,18.299977 -65.28076399999999,18.288273999999998 -65.28326899999999,18.280214 -65.287257,18.277744 -65.300238,18.294404 -65.30169,18.300126
-65.337451,18.308308 -65.33018799999999,18.315998 -65.3278209999999,18.30897 -65.32770000000001,18.295842999999998 -65.331398,18.29611 -65.337451,18.308308
-65.3357011355794,18.3495347945207 -65.3293338847695,18.3419547326338 -65.3217538287583,18.338316317029697 -65.309833,18.337972999999998 -65.30440899999999,18.332054 -65.298328,18.330529 -65.281657,18.32937 -65.27731899999999,18.332582 -65.253174,18.318524 -65.24509499999999,18.309668 -65.244424,18.303493 -65.24985699999999,18.296691 -65.260282,18.290823 -65.263937,18.290685 -65.276037,18.296067 -65.27709899999999,18.298977999999998 -65.27600699999999,18.302613 -65.2805019999999,18.306202 -65.302536,18.310488 -65.3021599999999,18.305379 -65.3024263057798,18.303144860803002 -65.30702699999989,18.301636 -65.316371,18.30966 -65.316885,18.314047 -65.322785,18.321157 -65.32731799999999,18.323666 -65.3420683746379,18.345289964564596 -65.3357011355794,18.3495347945207
-65.569013,18.352794 -65.565744,18.349524 -65.565072,18.347499 -65.567951,18.343341 -65.571523,18.351634999999998 -65.569013,18.352794
-65.57224780267,18.3817567454577 -65.5689789687125,18.382125065455398 -65.5663546934127,18.378211671947902 -65.5717874040112,18.376370075528 -65.57224780267,18.3817567454577
-65.57557899999989,18.115669 -65.546199,18.119329 -65.51171180847979,18.1328402190894 -65.489829,18.135911999999998 -65.46791,18.143767 -65.437058,18.15766 -65.399517,18.161935 -65.37137299999989,18.157517 -65.334289,18.147761 -65.313476,18.144296 -65.308717,18.145172 -65.302295,18.141089 -65.2948959999999,18.14283 -65.287962,18.148097 -65.275165,18.13443 -65.276214,18.131936 -65.283248,18.132998999999998 -65.296036,18.12799 -65.322794,18.126589 -65.327184,18.124105999999998 -65.3385059999999,18.112439 -65.34203699999999,18.11138 -65.350493,18.111914 -65.364733,18.120376999999998 -65.397837,18.110872999999998 -65.399791,18.108832 -65.4117669999999,18.106211 -65.423765,18.097763999999998 -65.426311,18.093749 -65.45138,18.086095999999998 -65.45680999999999,18.087778 -65.46584899999999,18.087715 -65.468768,18.092643 -65.47979,18.096352 -65.507265,18.091646 -65.524209,18.081977 -65.542087,18.081177 -65.558646,18.08566 -65.569305,18.091616 -65.570628,18.097324999999998 -65.57686,18.103224 -65.57557899999989,18.115669
-65.592585,18.390849 -65.5893319999999,18.390515999999998 -65.584537,18.386938999999998 -65.58357099999989,18.383751 -65.587335,18.381994 -65.59165,18.386287 -65.592585,18.390849
-65.599627,18.255699 -65.584892,18.256376 -65.582967,18.246748999999998 -65.59195374500331,18.248652913954 -65.5949395310508,18.248652913954 -65.59586,18.247792 -65.598153,18.247595 -65.599627,18.255699
-66.526072,17.892937 -66.523478,17.896176 -66.513454,17.902857 -66.509783,17.900465999999998 -66.509525,17.898552 -66.515349,17.8927 -66.528572,17.884812999999998 -66.526072,17.892937
-67.268259,18.366989 -67.260671,18.370196999999997 -67.23909007224889,18.375317596233 -67.226744,18.378246999999998 -67.216998,18.382078 -67.202167,18.389908 -67.1601443257786,18.41558726146 -67.15960799999999,18.415915 -67.156599,18.418983 -67.155245,18.424401 -67.15661899999999,18.439562 -67.161746,18.453462 -67.169011,18.466352 -67.1690159999999,18.478488 -67.164144,18.487396 -67.14283,18.505485 -67.138249,18.507776 -67.1256549999999,18.511706 -67.1034675264819,18.514523335524 -67.0937519999999,18.515757 -67.07929,18.513256 -67.020276,18.510603 -66.988958,18.497723999999998 -66.95954,18.489878 -66.95773299999999,18.489129 -66.9575168451,18.489171316649898 -66.944636,18.491692999999998 -66.90687199999999,18.483556 -66.90142974200549,18.4845523552409 -66.867386,18.490785 -66.849673,18.490745 -66.83694,18.487659 -66.8366347465608,18.4877005118712 -66.7993199999999,18.492774999999998 -66.780311,18.491411 -66.7648930382495,18.4840972877346 -66.749301,18.476701 -66.74206699999999,18.474681 -66.733986,18.473457 -66.710743,18.472611 -66.6837189999999,18.481367 -66.679876,18.484944 -66.66436399999999,18.487809 -66.6458389999999,18.488777 -66.624618,18.494199 -66.5867777514421,18.4849480000073 -66.584074,18.484287 -66.565241,18.485523 -66.562916,18.48845 -66.563485,18.490512 -66.55850299999989,18.489987 -66.53484,18.481253 -66.53348714903069,18.4816625879892 -66.529476,18.482877 -66.5116089999999,18.476848 -66.4702919999999,18.46907 -66.456486,18.46892 -66.449184,18.470990999999998 -66.441852,18.479751 -66.439961,18.485525 -66.4388131518907,18.4857127310406 -66.42092099999999,18.488639 -66.410344,18.489886 -66.39428699999999,18.489748 -66.377286,18.488044 -66.37281999999999,18.487726 -66.3496472039647,18.4863353152727 -66.337728,18.48562 -66.315477,18.474724 -66.31503033652929,18.4746802213809 -66.2912249999999,18.472347 -66.283675,18.472203 -66.27659899999999,18.478129 -66.26979899999989,18.480280999999998 -66.258015,18.476906 -66.25154699999989,18.472464 -66.24179699999999,18.46874 -66.220148,18.466 -66.199032357642,18.4661628771714 -66.192664,18.466212 -66.183886,18.460506 -66.17921799999999,18.455305 -66.172315,18.451462 -66.159796,18.451705999999998 -66.153037,18.454456999999998 -66.14394982232189,18.4597610421215 -66.1394506614993,18.462387131250498 -66.138532,18.453305 -66.133085,18.445881 -66.12793788524111,18.444631664036002 -66.1251975332718,18.451208504513897 -66.1242840826154,18.4563238225254 -66.123187946076,18.4594295533412 -66.12334287755279,18.4603627130254 -66.1250150953549,18.470434560709702 -66.1183379999999,18.469580999999998 -66.092098,18.466535 -66.083254,18.462021999999997 -66.073987,18.4581 -66.0432722472316,18.4536548502682 -66.0394396363904,18.4544410268022 -66.0365589015725,18.4502159488212 -66.0364914739119,18.4501170549131 -66.02322099999999,18.443875 -66.006523,18.444347 -65.99718,18.449894999999998 -65.992935,18.457489 -65.99279329672319,18.458101999670003 -65.99234899999989,18.460024 -65.99079,18.460418999999998 -65.95849199999999,18.451354 -65.92567,18.444881 -65.916843,18.444619 -65.90775599999999,18.446893 -65.904988,18.450926 -65.878683,18.438322 -65.838825,18.431865 -65.8314759999999,18.426849 -65.82845652722071,18.4235434074126 -65.81669099999999,18.410663 -65.794556,18.402845 -65.787666,18.402544 -65.774937,18.413951 -65.77053,18.41294 -65.76974899999999,18.409473 -65.771695,18.406277 -65.750455,18.385208 -65.7501794863426,18.3850503787063 -65.742154,18.380459 -65.733567,18.382210999999998 -65.699069,18.368156 -65.66963602739919,18.362101712326 -65.66884499999989,18.361939 -65.63443099999989,18.369835 -65.627246,18.376435999999998 -65.626527,18.381728 -65.62497499999989,18.386553 -65.622761,18.387771 -65.618229,18.386495999999998 -65.614891,18.382472999999997 -65.619068,18.367755 -65.628198,18.353711 -65.63419,18.338964999999998 -65.628047,18.328252 -65.62645599999999,18.298982 -65.634389,18.292348999999998 -65.635826,18.288270999999998 -65.6348934578261,18.2839226228934 -65.630833,18.264989 -65.623111,18.248012 -65.5976179999999,18.234289 -65.589947,18.228225 -65.593795,18.224059 -65.61598099999999,18.227389 -65.6267309999999,18.235484 -65.638181,18.229121 -65.637565,18.224444 -65.62841399999999,18.205149 -65.63528099999999,18.199975 -65.6396879999999,18.205655999999998 -65.6621854550269,18.2070184220893 -65.664127,18.207136 -65.690749,18.19499 -65.694515,18.187011 -65.69102099999999,18.178998 -65.69585599999999,18.179323999999998 -65.710895,18.186963 -65.712533,18.189146 -65.71799899999999,18.190175999999997 -65.728471,18.185588 -65.734664,18.180367999999998 -65.7388339999999,18.174066 -65.73912495893481,18.173452972931898 -65.74363199999999,18.163957 -65.75872799999999,18.156601 -65.766919,18.148424 -65.77758399999999,18.129239 -65.796711,18.083745999999998 -65.796289,18.079835 -65.794686,18.078606999999998 -65.795028,18.073560999999998 -65.7967110629514,18.0698415867395 -65.80183099999999,18.058526999999998 -65.809174,18.056818 -65.817107,18.063378 -65.825848,18.057482 -65.83109,18.050663999999998 -65.834274,18.038988 -65.83242899999999,18.014916 -65.839591,18.015076999999998 -65.8509127553522,18.011954163499002 -65.8703349999999,18.006597 -65.87512199999999,18.002826 -65.884937,17.988521 -65.896102,17.99026 -65.90531899999999,17.983974 -65.9105372447492,17.981854617110198 -65.92473799999999,17.976087 -65.97661099999999,17.967669 -65.98455,17.969411 -65.98535799999999,17.971854 -65.99518499999999,17.978989 -66.00773099999999,17.980541 -66.017308,17.979582999999998 -66.0195388847422,17.978353879849898 -66.024,17.975896 -66.046585,17.954853 -66.049033,17.954560999999998 -66.0582169999999,17.959238 -66.06867799999999,17.966335 -66.0699791737438,17.966357176775198 -66.08140999999989,17.966552 -66.116194,17.949141 -66.127009,17.946953 -66.140661,17.941019999999998 -66.14791199999999,17.933963 -66.15538699999999,17.929406 -66.159742,17.928613 -66.161232,17.931746999999998 -66.1756260837891,17.9335646550293 -66.1869138837891,17.9353634550293 -66.1897260837891,17.9339360550293 -66.200174,17.929515 -66.20696099999999,17.932268 -66.213374,17.944613999999998 -66.202655,17.944753 -66.1855536365234,17.9409968448242 -66.1795476365234,17.943727444824198 -66.17483899999999,17.948214 -66.176814,17.950438 -66.20620691164339,17.963049522019798 -66.206807,17.963307 -66.215355,17.959376 -66.218081,17.95729 -66.23151899999999,17.943911999999997 -66.229181,17.934651 -66.232013,17.931154 -66.252737,17.934573999999998 -66.260684,17.936083 -66.270905,17.947098 -66.275651,17.948259999999998 -66.290782,17.946490999999998 -66.297679,17.959148 -66.31694999999999,17.976682999999998 -66.32365899999999,17.978536 -66.3381518765016,17.9764915904303 -66.33839,17.976458 -66.362511,17.968231 -66.365098,17.964831999999998 -66.368777,17.957717 -66.371591,17.951469 -66.385059,17.939004 -66.391227,17.945819 -66.3989449999999,17.950924999999998 -66.412131,17.957286 -66.445481,17.979378999999998 -66.4503675981588,17.9832256311647 -66.454888,17.986784 -66.461342,17.990273 -66.491396,17.990261999999998 -66.510143,17.985618 -66.5405373162362,17.9754758878275 -66.58323299999999,17.961229 -66.589658,17.969386 -66.594392,17.970682 -66.605035,17.969015 -66.62378799999989,17.98105 -66.63194399999999,17.982746 -66.645651,17.980259999999998 -66.657797,17.974605 -66.664391,17.968259 -66.672819,17.966451 -66.69911511688649,17.9775681152688 -66.709856,17.982108999999998 -66.713394,17.987762999999998 -66.716957,17.990344 -66.7311183115265,17.991658461063796 -66.746248,17.990349 -66.750427,17.995442999999998 -66.75396449601719,17.9995895154781 -66.755341,18.001203 -66.76449099999999,18.006317 -66.770307,18.005955 -66.799656,17.992449999999998 -66.806866,17.983786 -66.807924,17.979606 -66.80690299999989,17.976046 -66.805683,17.975051999999998 -66.79510619238279,17.9774379758301 -66.78930199999999,17.980793 -66.78495299999989,17.978326 -66.787245,17.972914 -66.80827,17.965635 -66.8224,17.954499 -66.838584,17.949931 -66.8522884755987,17.9550037242825 -66.85647399999999,17.956553 -66.8594708563219,17.954316341130898 -66.862545,17.952022 -66.871697,17.952707 -66.88344,17.952526 -66.899639,17.948297999999998 -66.9045849999999,17.950526999999997 -66.906532,17.955356 -66.90627599999999,17.963368 -66.92452899999999,17.972808 -66.928651,17.970204 -66.930414,17.963127 -66.916127,17.959101999999998 -66.909483,17.952559 -66.909359,17.94988 -66.9125219999999,17.947446 -66.930313,17.943389 -66.932636,17.939998 -66.931581,17.9369 -66.919298,17.932062 -66.92382599999999,17.926923 -66.927261,17.926875 -66.959998,17.940216 -66.980516,17.951648 -66.9810503126819,17.952504687124 -66.982669,17.9551 -66.98220599999999,17.961192 -66.987287,17.970663 -66.996738,17.972898999999998 -67.00397199999999,17.970799 -67.014744,17.968467999999998 -67.02452199999999,17.970722 -67.0624779999999,17.973819 -67.076534,17.967759 -67.089827,17.951418 -67.101468,17.946621 -67.109985,17.945805999999997 -67.1099859168433,17.945806117805297 -67.12825099999999,17.948152999999998 -67.13373299999999,17.951919 -67.1670309999999,17.963072999999998 -67.178566,17.964792 -67.183508,17.962706 -67.1887165555783,17.950988789649 -67.18747413634689,17.9462520642604 -67.183694,17.937981999999998 -67.18345699999999,17.931134999999998 -67.194785,17.932826 -67.196924,17.935651 -67.197273,17.937461 -67.1975173712891,17.941514012158198 -67.19766839028539,17.943549128993 -67.1989884620353,17.9478199482985 -67.2009733712891,17.9498960121582 -67.210034,17.953595 -67.21210099999989,17.956027 -67.21433,17.962436 -67.215271,17.983463999999998 -67.211973,17.992993 -67.207694,17.998019 -67.177893,18.008882 -67.17429899999999,18.011149 -67.172397,18.014906 -67.172138,18.021421999999998 -67.173761,18.024548 -67.193269,18.03185 -67.209887,18.035439 -67.196694,18.066491 -67.19065599999999,18.064269 -67.184589,18.06775 -67.183938,18.069914 -67.1864649999999,18.074195 -67.192999,18.076877 -67.198212,18.076828 -67.1993139999999,18.091134999999998 -67.19529,18.096149 -67.183921,18.103683 -67.182182,18.108507 -67.176554,18.151046 -67.1786179999999,18.159318 -67.18082199999989,18.168055 -67.180701467338,18.1681816869411 -67.155185,18.195000999999998 -67.1526649999999,18.203492999999998 -67.158001,18.216718999999998 -67.173,18.230666 -67.175429,18.248008 -67.187843,18.266671 -67.18787311452101,18.266873989985502 -67.189971,18.281015 -67.196056,18.290443 -67.209963,18.294974 -67.2254030766224,18.296648479087697 -67.226081,18.296722 -67.235137,18.299934999999998 -67.267484,18.353149 -67.27135,18.362329 -67.268259,18.366989
-67.489346,18.387441 -67.482204,18.391469999999998 -67.47792199999999,18.390544 -67.472368,18.382801 -67.477976,18.378944999999998 -67.48549899999999,18.382224 -67.489346,18.387441
-67.934479,18.111306 -67.93218499999999,18.113221 -67.91087999999999,18.119668 -67.89174,18.11397 -67.88709899999999,18.112574 -67.87643,18.114157 -67.869804,18.118851 -67.861548,18.122144 -67.84824499999989,18.10832 -67.84320199999989,18.094858 -67.843615,18.085099 -67.845293,18.081938 -67.853098,18.078195 -67.86559799999999,18.06544 -67.871462,18.0578 -67.895921,18.052342 -67.904431,18.05913 -67.918778,18.063116 -67.927841,18.068572 -67.940799,18.079715999999998 -67.934479,18.111306
-67.952974,18.157663 -67.949873,18.157014999999998 -67.950099,18.154235 -67.95411899999999,18.154576 -67.952974,18.157663
